52644
207122
44645
47625
45934
42916
43368
47811
43965
43343
74879
78920
45256
77307
79022
42979
43132
48341
72826
53158
51847
52520
78641
43789
72391
47388
50118
45224
53042
44021
45125
48369
43345
47420
193626
53942
53234
48349
45122
192408
53070
51244
207703
41408
48337
50320
48113
83380
49601
45873
45012
48342
45848
71426
45127
179208
52420
43344
50174
45376
71673
55489
210180
41180
209761
47385
78297
72398
43473
47455
48339
76532
41638
48114
41217
41305
72485
83760
78670
53306
45377
47349
47289
43295
47848